2048
913
911
909
921
910
927
917
947
915
922
911
921
911
915
921
915
929
916
929
919
925
913
923
912
920
918
914
930
917
932
920
926
915
926
915
922
917
915
926
915
936
917
933
916
924
912
913
912
915
918
910
927
913
924
915
922
910
917
907
911
912
907
922
909
927
910
918
906
914
901
910
906
903
914
900
921
907
917
903
912
896
913
895
899
907
896
914
902
915
900
904
930
936
928
931
933
926
939
925
941
931
934
924
934
921
927
923
919
934
919
938
924
945
921
929
918
921
915
918
921
919
932
917
930
920
924
916
931
912
917
919
915
931
915
930
920
926
914
924
915
920
915
915
928
916
933
918
932
917
925
913
919
915
918
925
918
935
921
931
921
933
920
930
918
923
925
920
939
925
941
930
937
927
933
924
934
929
929
943
929
949
936
909
901
909
895
904
898
899
908
897
915
901
916
904
910
898
909
898
902
904
902
921
908
922
909
914
907
917
905
915
909
905
923
910
930
913
944
913
921
908
912
912
910
918
912
930
914
929
917
924
914
922
912
917
921
915
930
917
934
921
927
918
928
913
920
915
917
928
917
935
920
944
918
924
915
915
912
916
921
911
930
916
927
917
920
911
921
909
912
913
906
923
910
926
910
920
912
918
903
909
905
905
918
904
926
910
901
907
912
901
906
899
903
908
899
916
901
914
901
909
897
908
894
899
933
896
946
929
945
932
936
930
937
925
931
926
924
938
925
942
925
953
924
932
920
928
918
920
924
918
933
918
933
919
925
919
927
915
919
918
914
931
919
932
919
924
918
924
913
920
915
916
927
915
934
918
926
919
926
914
928
912
917
922
913
934
920
933
925
931
919
926
917
924
925
921
934
923
938
925
931
926
932
919
930
926
925
938
926
944
933
960
933
908
931
900
893
898
906
897
915
901
914
902
909
900
906
898
905
907
903
918
902
923
908
913
906
917
901
910
905
907
917
907
926
913
925
909
920
910
916
909
911
918
909
928
917
928
917
922
913
923
911
918
917
914
928
915
931
920
925
915
925
910
923
914
916
926
917
934
919
936
917
926
915
925
914
918
923
914
931
917
929
917
925
910
923
914
917
914
911
925
913
928
914
920
911
917
905
914
908
907
918
906
925
909
932
909
915
900
917
899
903
910
899
918
903
916
904
911
899
906
895
903
901
898
913
898
915
938
905
933
940
925
934
929
927
938
926
944
928
943
926
933
923
928
919
924
927
918
935
923
936
924
926
917
928
915
920
920
916
930
918
930
922
926
917
926
915
922
916
916
924
916
932
918
936
916
925
916
923
912
917
922
915
929
920
933
922
928
916
928
914
922
920
920
934
922
936
923
934
926
929
917
929
920
925
936
924
942
928
937
931
938
926
936
925
931
937
931
913
901
914
902
910
898
909
898
905
900
897
917
901
921
906
911
905
913
902
911
906
903
915
904
924
909
928
907
919
905
917
907
911
914
908
925
914
926
916
922
913
920
911
917
918
912
927
915
931
919
925
916
926
915
919
914
915
926
916
931
918
928
919
925
916
922
911
918
923
915
931
916
931
921
925
912
923
914
918
915
912
928
913
931
916
924
912
919
908
916
910
909
921
909
928
910
921
915
920
904
914
904
906
910
903
920
908
918
906
913
903
909
896
903
901
897
914
900
918
902
909
900
909
893
900
932
929
939
929
947
931
948
929
938
926
933
921
926
931
924
938
927
937
923
930
920
929
916
921
919
915
930
915
933
920
924
917
927
914
920
915
915
924
914
933
919
929
917
923
913
923
911
915
920
914
930
920
932
921
925
915
923
914
919
918
916
929
916
934
923
944
921
928
917
927
919
922
929
921
938
925
935
930
934
923
934
926
929
932
926
942
930
945
927
908
898
905
894
902
900
895
912
897
918
902
934
900
911
898
927
899
902
911
902
921
906
921
908
914
905
912
902
911
911
907
924
910
924
911
919
914
921
907
917
912
911
923
913
932
918
926
914
924
914
923
912
916
921
913
931
917
932
918
925
912
930
911
918
919
914
930
917
933
920
926
917
928
913
919
914
916
927
913
931
914
950
916
922
911
914
908
912
918
909
925
911
926
914
918
907
920
906
910
911
905
919
907
922
909
916
906
912
898
908
904
901
914
901
921
903
897
902
907
893
891
897
897
905
895
946
934
948
931
939
927
933
925
928
931
924
938
925
939
926
934
922
930
919
924
924
920
934
920
937
923
905
920
930
915
920
916
917
923
916
933
919
930
917
925
916
929
911
917
919
913
930
918
932
920
925
916
927
914
920
916
916
926
916
935
921
920
919
928
916
918
917
920
930
917
936
921
935
925
933
921
934
921
925
927
926
939
926
942
931
937
929
938
927
933
930
896
908
894
915
900
896
901
909
897
903
897
902
910
903
918
904
917
907
914
902
911
903
906
909
905
922
906
923
912
920
911
917
902
912
910
909
922
911
927
914
915
914
923
910
928
911
914
920
913
930
917
927
918
927
916
928
911
916
920
915
931
918
931
918
925
918
927
912
918
917
914
929
915
933
916
914
916
926
911
920
911
913
922
913
929
913
924
915
920
910
918
905
908
914
907
922
908
924
909
917
906
912
903
909
903
901
914
901
919
906
899
906
911
896
901
896
900
906
896
915
899
914
900
908
895
902
928
932
933
926
942
928
942
932
938
927
933
920
928
924
922
934
921
939
923
955
924
932
918
920
917
921
927
917
932
919
931
921
926
916
926
912
919
921
912
931
918
933
919
925
914
925
913
918
918
915
926
916
933
919
925
919
926
913
914
918
920
925
916
933
922
936
923
931
917
931
919
924
926
920
936
927
941
928
936
927
935
924
931
929
928
941
929
950
937
915
900
907
897
902
894
901
906
899
916
901
917
904
910
899
910
898
904
906
905
918
904
922
911
915
909
918
905
914
908
909
920
910
927
911
917
911
922
909
922
909
914
917
912
931
917
929
917
923
914
922
910
916
915
914
931
916
931
916
932
916
927
913
921
914
915
924
917
933
917
929
919
924
914
921
910
914
919
911
931
919
928
916
921
912
920
907
912
912
910
922
906
927
914
918
908
916
905
912
904
905
914
903
923
907
916
907
914
902
909
897
902
909
900
916
898
916
902
909
898
906
891
903
895
893
943
930
947
933
944
928
937
922
933
924
926
933
921
939
928
934
925
930
920
928
917
921
923
917
934
918
934
923
928
918
924
914
921
918
915
928
915
933
919
952
917
926
913
904
914
917
926
913
932
916
933
919
926
913
920
914
917
922
915
934
918
932
920
929
918
927
916
922
922
919
932
921
937
925
938
926
933
922
930
922
926
937
926
945
931
939
932
905
929
902
894
897
900
895
915
899
916
901
909
900
910
896
904
899
900
914
900
922
907
896
902
913
903
904
903
905
914
907
923
909
920
911
919
907
921
909
914
914
908
926
912
931
916
922
913
923
911
919
915
913
927
915
932
918
916
918
928
913
915
914
917
921
915
934
918
931
917
925
916
926
911
918
918
914
929
914
930
918
924
914
923
913
920
911
911
922
912
931
912
929
912
919
906
918
906
909
913
905
925
908
920
909
915
904
913
903
907
905
900
915
902
920
903
909
901
907
896
903
897
897
908
896
915
899
906
934
906
926
936
927
928
933
925
941
932
940
928
931
925
930
919
925
924
919
934
921
934
922
928
920
929
915
922
917
916
926
915
932
919
929
919
928
916
921
913
917
919
914
929
914
930
917
924
917
925
912
916
917
913
928
916
933
919
929
917
927
915
929
916
919
927
915
935
923
939
923
930
920
930
919
924
929
922
940
925
941
930
937
925
936
925
931
931
930
944
896
914
900
926
899
905
895
920
897
898
907
899
917
905
917
908
911
900
910
902
906
909
901
919
905
922
912
918
910
915
906
912
910
907
922
908
930
916
951
914
922
909
906
913
914
921
911
931
918
928
918
925
913
920
913
917
921
913
928
917
931
919
924
912
924
912
919
918
917
929
915
932
921
925
917
924
911
917
914
912
924
912
930
915
927
916
920
908
915
908
913
918
908
925
911
922
912
920
908
914
902
907
906
903
918
906
921
904
912
904
912
898
906
898
901
908
897
917
898
910
900
907
894
904
929
930
935
928
942
935
943
929
936
927
936
922
927
925
924
933
921
938
925
933
924
930
915
925
919
919
929
916
934
920
933
919
925
915
923
913
922
924
914
930
917
933
920
924
912
923
910
918
917
913
928
915
932
918
929
915
924
914
921
916
918
926
915
934
921
934
921
930
918
928
916
922
927
918
937
919
939
929
936
923
932
923
928
929
925
939
929
946
932
905
933
907
893
902
896
900
909
896
915
901
916
903
910
898
907
900
902
906
901
919
905
918
906
916
904
913
902
911
908
907
923
907
925
911
917
911
922
909
915
908
911
922
913
930
915
932
915
925
913
918
912
916
920
913
929
918
932
920
925
915
925
912
917
919
916
930
915
930
921
926
917
925
912
918
914
915
923
913
931
915
927
917
924
913
919
907
913
917
909
928
911
926
914
917
908
920
906
910
908
904
918
908
922
908
929
905
911
900
910
902
900
909
898
919
903
917
902
909
896
905
893
897
904
893
909
935
948
934
938
927
936
925
930
928
924
936
924
940
927
936
925
931
917
926
921
921
929
916
